12
-2 3 1 -1 7 3 -3 5 4 -6 9 -8
k = 2
-2 3
3 1
1 -1
-1 7
7 3
3 -3
-3 5
5 4
4 -6
-6 9
9 -8
k = 3
-2 3 1
3 1 -1
1 -1 7
-1 7 3
7 3 -3
3 -3 5
-3 5 4
5 4 -6
4 -6 9
-6 9 -8
k = 4
-2 3 1 -1
3 1 -1 7
1 -1 7 3
-1 7 3 -3
7 3 -3 5
3 -3 5 4
-3 5 4 -6
5 4 -6 9
4 -6 9 -8
k = 5
-2 3 1 -1 7
3 1 -1 7 3
1 -1 7 3 -3
-1 7 3 -3 5
7 3 -3 5 4
3 -3 5 4 -6
-3 5 4 -6 9
5 4 -6 9 -8
k = 6
-2 3 1 -1 7 3
3 1 -1 7 3 -3
1 -1 7 3 -3 5
-1 7 3 -3 5 4
7 3 -3 5 4 -6
3 -3 5 4 -6 9
-3 5 4 -6 9 -8
k = 7
-2 3 1 -1 7 3 -3
3 1 -1 7 3 -3 5
1 -1 7 3 -3 5 4
-1 7 3 -3 5 4 -6
7 3 -3 5 4 -6 9
3 -3 5 4 -6 9 -8
k = 8
-2 3 1 -1 7 3 -3 5
3 1 -1 7 3 -3 5 4
1 -1 7 3 -3 5 4 -6
-1 7 3 -3 5 4 -6 9
7 3 -3 5 4 -7 9 -8
k = 9
-2 3 1 -1 7 3 -3 5 4
3 1 -1 7 3 -3 5 4 -6
1 -1 7 3 -3 5 4 -6 9
-1 7 3 -3 5 4 -6 9 -8
k = 10
-2 3 1 -1 7 3 -3 5 4 -6
3 1 -1 7 3 -3 5 4 -6 9
1 -1 7 3 -3 5 4 -6 9 -8
k = 11
-2 3 1 -1 7 3 -3 5 4 -6 9
3 1 -1 7 3 -3 5 4 -6 9 -8